-0.943803 -0.983995 -0.971644 -0.966500 -0.957172 -0.957511 -0.951095 -0.839642 -0.917114 -0.988143 -0.889429 -0.946227 -0.935953 -0.981211 -0.992764 -0.969072 -0.909123 -0.975933 -0.959589 -0.765250 -0.900785 -0.775623 -0.967270 -0.990899 -0.809589 -0.908649 -0.985154 -0.945026 -0.861886 -0.875961 -0.960896 -0.925120 -0.907929 -0.730901 -0.955809 -0.962875 -0.903745 -0.915920 -0.944828 -0.899138 -0.863878 -0.988595 -0.910359 -0.940079 -0.897499 -0.909928 -0.947534 -0.910232 -0.905710 -0.900679 -0.913002 -0.675001 -0.933480 -0.885903 -0.995697 -0.902127 -0.926724 -0.919870 -0.986991 -0.979459 -0.933197 -0.925325 -0.909957 -0.908367 -0.736095 -0.963532 -0.885628 -0.938277 -0.980236 -0.827820 -0.896149 -0.737013 -0.981791 -0.971488 -0.991266 -0.934320 -0.945061 -0.921962 -0.966825 -0.984836 -0.906162 -0.975028 -0.898170 -0.914422 -0.962274 -0.966471 -0.955321 -0.953985 -0.970556 -0.938285 -0.994941 -0.823679 -0.965206 -0.906134 -0.905067 -0.950255 -0.925375 -0.976590 -0.922004 -0.897209 -0.954897 -0.989811 -0.967157 -0.993273 -0.993429 -0.796757 -0.964351 -0.951901 -0.872958 -0.964132 -0.917206 -0.988087 -0.967468 -0.918605 -0.862854 -0.875954 -0.988956 -0.912832 -0.883663 -0.908600 -0.950982 -0.861349 -0.904113 -0.973693 -0.969262 -0.867305 -0.883798 -0.897435 -0.992503 -0.938482 -0.984815 -0.917531 -0.943570 -0.936045 -0.989471 -0.981826 -0.997824 -0.948424 -0.961454 -0.875325 -0.945662 -0.770026 -0.867524 -0.876018 -0.986369 -0.995937 -0.953364 -0.975495 -0.973325 -0.966895 -0.967927 -0.962486 -0.994361 -0.943824 -0.961532 -0.957045 -0.849817 -0.924350 -0.974809 -0.972612 

0.000000 0.929480 0.924817 0.911405 0.911575 0.905328 0.899280 0.803654 0.865073 0.933515 0.844736 0.895202 0.886299 0.930356 0.937373 0.917878 0.874463 0.929374 0.917652 0.744991 0.858706 0.753767 0.912062 0.935974 0.777615 0.878272 0.929141 0.904035 0.816415 0.857159 0.918690 0.882293 0.871658 0.714896 0.913263 0.913843 0.857144 0.884907 0.897690 0.859957 0.841712 0.932653 0.863320 0.890101 0.855547 0.857915 0.911221 0.887175 0.853385 0.877212 0.862218 0.665257 0.895231 0.847542 0.940051 0.863299 0.880293 0.882936 0.931558 0.933056 0.898820 0.876576 0.864034 0.859886 0.736936 0.916648 0.842023 0.888793 0.930371 0.792256 0.858876 0.707413 0.926767 0.919022 0.936228 0.896863 0.895464 0.872167 0.914472 0.929982 0.862939 0.922040 0.847132 0.862352 0.907236 0.918528 0.916804 0.910395 0.918499 0.896771 0.940256 0.788879 0.912105 0.876279 0.864910 0.899908 0.880710 0.921679 0.877127 0.863638 0.903745 0.936059 0.912783 0.937486 0.938066 0.746708 0.908635 0.903816 0.830357 0.914154 0.881530 0.932709 0.921333 0.880823 0.818217 0.847019 0.933762 0.883769 0.852085 0.883070 0.904509 0.818450 0.871743 0.918104 0.913786 0.825368 0.840475 0.851499 0.938242 0.884095 0.930526 0.877332 0.907738 0.881091 0.934094 0.925742 0.941782 0.895125 0.910727 0.830081 0.903880 0.736667 0.831622 0.840864 0.935896 0.939839 0.910437 0.926053 0.920252 0.917807 0.918273 0.915602 0.938504 0.887811 0.925573 0.904565 0.809448 0.877099 0.924181 0.924174 
0.929480 0.000000 0.956868 0.951809 0.943980 0.943005 0.935614 0.828936 0.902170 0.972322 0.873905 0.936030 0.921601 0.965729 0.976887 0.953448 0.894771 0.961596 0.944460 0.752326 0.888539 0.762077 0.954063 0.974908 0.801598 0.896065 0.969319 0.929699 0.850460 0.863009 0.945598 0.911264 0.893761 0.728421 0.941853 0.947294 0.890836 0.901569 0.929883 0.885253 0.850276 0.973057 0.894807 0.924696 0.884066 0.902502 0.934328 0.896517 0.899061 0.886836 0.899485 0.664720 0.919185 0.871368 0.980286 0.894870 0.911271 0.905109 0.971057 0.964542 0.919552 0.909942 0.896708 0.893577 0.728117 0.948954 0.872746 0.923799 0.965164 0.817850 0.882745 0.728654 0.966167 0.956883 0.975276 0.919658 0.929438 0.906706 0.951074 0.968874 0.898524 0.961087 0.884624 0.900085 0.947824 0.951060 0.940715 0.939507 0.954890 0.923213 0.979416 0.810557 0.949385 0.891147 0.890814 0.937825 0.911066 0.960684 0.906763 0.882151 0.939429 0.973806 0.951929 0.977438 0.977805 0.789967 0.948488 0.937239 0.859215 0.948721 0.902770 0.972548 0.953215 0.905682 0.853406 0.862917 0.973149 0.898255 0.876534 0.895845 0.938963 0.854827 0.889097 0.960656 0.953696 0.863398 0.879664 0.892369 0.976738 0.928003 0.969234 0.903067 0.929077 0.921001 0.973552 0.968365 0.981819 0.932632 0.946114 0.861328 0.930053 0.758148 0.855745 0.867320 0.970859 0.980653 0.938080 0.960409 0.961744 0.951187 0.958409 0.946849 0.979176 0.927975 0.946234 0.942595 0.836610 0.909193 0.960175 0.957172 
0.924817 0.956868 0.000000 0.940320 0.940305 0.932872 0.926484 0.823199 0.890115 0.961327 0.870881 0.919976 0.911737 0.956727 0.965115 0.942341 0.884610 0.960705 0.937564 0.762020 0.882335 0.769341 0.939422 0.962769 0.797019 0.887727 0.956840 0.919044 0.841966 0.852933 0.934631 0.903223 0.883444 0.715306 0.933119 0.946290 0.890030 0.892440 0.926887 0.891019 0.842108 0.960380 0.886667 0.916132 0.887910 0.883663 0.926187 0.888221 0.879388 0.879671 0.887472 0.669412 0.913419 0.861010 0.969856 0.882024 0.902438 0.893945 0.959017 0.959059 0.908006 0.900092 0.885275 0.883218 0.717560 0.949873 0.860268 0.911066 0.954339 0.813214 0.874492 0.715864 0.953802 0.946976 0.963348 0.908932 0.919234 0.893775 0.939118 0.957964 0.889776 0.953696 0.870337 0.888129 0.936391 0.939401 0.932278 0.928229 0.942651 0.917461 0.967828 0.807208 0.939125 0.888405 0.881699 0.926491 0.899633 0.948940 0.894990 0.882321 0.928067 0.962698 0.939295 0.965171 0.965426 0.774266 0.936264 0.927841 0.852686 0.938037 0.891281 0.961921 0.957681 0.894842 0.848460 0.855032 0.961998 0.886342 0.872153 0.898983 0.929353 0.844680 0.880745 0.949661 0.942164 0.844023 0.867355 0.872414 0.964910 0.911907 0.957038 0.894037 0.917998 0.909299 0.961299 0.955589 0.969580 0.925410 0.936235 0.857512 0.922704 0.749796 0.845372 0.869906 0.959935 0.967708 0.930335 0.948919 0.946665 0.938977 0.943146 0.937437 0.969142 0.915694 0.940708 0.934045 0.826265 0.904148 0.956699 0.947082 
0.911405 0.951809 0.940320 0.000000 0.927855 0.927021 0.918839 0.814790 0.885070 0.954812 0.858939 0.916415 0.903738 0.949661 0.959363 0.936702 0.876668 0.945669 0.926682 0.736667 0.871524 0.747083 0.936695 0.957582 0.786688 0.879177 0.953802 0.912105 0.831890 0.845090 0.928300 0.894673 0.875785 0.704863 0.923976 0.930123 0.873114 0.884469 0.913165 0.870047 0.834180 0.956268 0.879403 0.909250 0.869708 0.878830 0.916705 0.878498 0.875050 0.868719 0.884617 0.651294 0.903682 0.854961 0.963171 0.875269 0.895626 0.887741 0.953547 0.947372 0.900629 0.893351 0.877643 0.877382 0.708728 0.933437 0.855067 0.905752 0.946990 0.803180 0.865956 0.706170 0.949011 0.939274 0.957780 0.901640 0.912112 0.891175 0.936235 0.951477 0.880844 0.944142 0.869574 0.883946 0.930794 0.933508 0.924350 0.921559 0.937182 0.906409 0.961991 0.795535 0.932271 0.874004 0.876117 0.917913 0.893598 0.943231 0.889366 0.865461 0.923771 0.956310 0.934419 0.959985 0.960055 0.772612 0.932688 0.919446 0.841394 0.933995 0.885345 0.956452 0.937755 0.887112 0.836151 0.845789 0.956232 0.880604 0.857992 0.880130 0.920421 0.834377 0.873495 0.942411 0.936567 0.841295 0.862564 0.867411 0.959200 0.906791 0.951696 0.884964 0.911341 0.904537 0.956225 0.952014 0.964394 0.915249 0.929607 0.847266 0.913292 0.742772 0.837529 0.852834 0.953024 0.962804 0.920980 0.942588 0.941648 0.934130 0.937748 0.929593 0.962698 0.913504 0.928597 0.926597 0.820259 0.892461 0.944065 0.940242 
0.911575 0.943980 0.940305 0.927855 0.000000 0.923403 0.912931 0.832060 0.880802 0.945824 0.849358 0.910522 0.897563 0.942637 0.950120 0.929113 0.878011 0.945174 0.920860 0.745853 0.877361 0.756523 0.925799 0.948396 0.795902 0.881353 0.943075 0.906325 0.837317 0.844256 0.922336 0.893810 0.874160 0.713201 0.923283 0.924216 0.869863 0.884087 0.911200 0.869637 0.833091 0.946163 0.869312 0.904798 0.875276 0.873488 0.917326 0.881169 0.867659 0.874569 0.878682 0.661286 0.904756 0.846157 0.955978 0.883649 0.885352 0.882257 0.944927 0.945294 0.897393 0.884335 0.876739 0.868648 0.715356 0.935147 0.855788 0.900325 0.939896 0.810642 0.864331 0.712218 0.939952 0.932038 0.948523 0.896792 0.905088 0.881282 0.924958 0.942121 0.887840 0.941768 0.857929 0.875792 0.921948 0.926555 0.920464 0.916585 0.928774 0.904572 0.953922 0.796340 0.923213 0.871799 0.874492 0.912472 0.886236 0.934525 0.882483 0.863949 0.914118 0.947054 0.928399 0.950742 0.950996 0.768726 0.921877 0.915984 0.843938 0.926562 0.880781 0.948453 0.942800 0.885656 0.840320 0.842567 0.948587 0.878979 0.870655 0.885642 0.918796 0.837232 0.865638 0.936829 0.929445 0.841295 0.868697 0.862649 0.951371 0.899781 0.943796 0.881487 0.906381 0.895633 0.946827 0.946404 0.954996 0.909978 0.920916 0.843450 0.905349 0.737911 0.838560 0.866613 0.945238 0.954028 0.915129 0.936454 0.934610 0.925198 0.934229 0.921877 0.956989 0.901675 0.924357 0.921538 0.813320 0.887458 0.942298 0.931918 
0.905328 0.943005 0.932872 0.927021 0.923403 0.000000 0.918938 0.812289 0.877537 0.946107 0.858953 0.906650 0.895273 0.941606 0.950361 0.930229 0.874492 0.940284 0.918344 0.748142 0.866818 0.756933 0.925361 0.949498 0.786844 0.874456 0.942680 0.905618 0.831523 0.846107 0.922167 0.886886 0.871503 0.698348 0.917842 0.922859 0.866783 0.881657 0.905081 0.862698 0.835126 0.946333 0.877608 0.898057 0.885041 0.867680 0.914867 0.874075 0.865157 0.864041 0.875587 0.657046 0.900007 0.862818 0.954805 0.878519 0.889027 0.880194 0.945110 0.941380 0.892009 0.889620 0.872980 0.870386 0.713363 0.927276 0.847379 0.902629 0.939896 0.812847 0.858268 0.709194 0.939514 0.930597 0.950785 0.893471 0.909610 0.886172 0.925354 0.943026 0.874230 0.935903 0.859512 0.899958 0.921552 0.925198 0.915291 0.913518 0.929296 0.902042 0.953145 0.791945 0.925615 0.878456 0.865574 0.908685 0.886292 0.936151 0.899937 0.880738 0.914048 0.947365 0.924965 0.951208 0.951548 0.758452 0.922739 0.910571 0.835063 0.922859 0.878378 0.947336 0.934547 0.881360 0.831855 0.843005 0.947838 0.877212 0.858939 0.884271 0.912140 0.825912 0.873029 0.933423 0.928880 0.841747 0.865037 0.858876 0.950848 0.897238 0.943174 0.881049 0.908261 0.895959 0.947138 0.943323 0.955759 0.907660 0.924209 0.837614 0.908275 0.739267 0.832667 0.871616 0.944983 0.953632 0.912825 0.933642 0.931303 0.932278 0.928675 0.929720 0.954402 0.902382 0.920005 0.919828 0.828385 0.884010 0.937536 0.932130 
0.899280 0.935614 0.926484 0.918839 0.912931 0.918938 0.000000 0.800008 0.871050 0.939776 0.865270 0.899682 0.892023 0.933974 0.944467 0.926428 0.864783 0.930321 0.913172 0.751209 0.861066 0.762699 0.919411 0.943365 0.783918 0.870443 0.936546 0.898863 0.822506 0.842150 0.916429 0.880667 0.865355 0.695408 0.910267 0.918068 0.863363 0.875806 0.901096 0.858218 0.841019 0.939889 0.890892 0.892786 0.863179 0.863073 0.904523 0.870697 0.860932 0.861907 0.867404 0.672337 0.902410 0.871665 0.948333 0.860600 0.893450 0.876887 0.939161 0.935529 0.888984 0.887345 0.865928 0.864578 0.723736 0.920280 0.840482 0.893980 0.932830 0.789161 0.854480 0.713448 0.933437 0.923926 0.943040 0.888765 0.903562 0.899202 0.919997 0.939606 0.861130 0.930194 0.854480 0.884780 0.915857 0.918909 0.907985 0.907978 0.923234 0.900276 0.947039 0.801216 0.923114 0.878583 0.858127 0.904304 0.881106 0.930441 0.882865 0.865334 0.908480 0.942008 0.918761 0.944976 0.945216 0.754156 0.916351 0.903858 0.832759 0.916076 0.875749 0.942079 0.926760 0.875721 0.821863 0.847358 0.941959 0.870132 0.851407 0.872089 0.903265 0.821220 0.878074 0.926060 0.921418 0.823488 0.844305 0.853138 0.944051 0.892037 0.936462 0.877064 0.908487 0.888341 0.941302 0.933176 0.950177 0.910388 0.936772 0.834660 0.903300 0.747620 0.830392 0.850629 0.938087 0.947075 0.915157 0.927085 0.925226 0.932858 0.919842 0.920775 0.947110 0.895542 0.914719 0.911886 0.843408 0.890468 0.930526 0.927848 
0.803654 0.828936 0.823199 0.814790 0.832060 0.812289 0.800008 0.000000 0.785317 0.828873 0.755611 0.808480 0.793373 0.825601 0.833494 0.812303 0.782385 0.824110 0.814225 0.675029 0.803979 0.676344 0.813709 0.832053 0.784745 0.789076 0.834180 0.798149 0.790688 0.745083 0.819023 0.800587 0.774718 0.648595 0.814472 0.812465 0.768613 0.790384 0.800382 0.767680 0.761024 0.829424 0.779806 0.813822 0.760332 0.771220 0.814592 0.779862 0.760614 0.774308 0.775594 0.641762 0.798376 0.752849 0.837783 0.789776 0.792737 0.780329 0.831014 0.826463 0.794503 0.772796 0.772591 0.760402 0.637452 0.815864 0.789755 0.800135 0.825672 0.739522 0.761639 0.648814 0.833798 0.817843 0.831728 0.794892 0.794482 0.769503 0.811865 0.828618 0.788327 0.823955 0.755435 0.783176 0.806056 0.817659 0.808855 0.805512 0.814818 0.789967 0.837154 0.769242 0.823814 0.770959 0.800658 0.802827 0.780590 0.820598 0.787621 0.763759 0.799231 0.833084 0.822626 0.834964 0.835656 0.687826 0.804926 0.802481 0.808035 0.823870 0.775361 0.832123 0.816747 0.783063 0.740667 0.745358 0.833190 0.779523 0.777757 0.779502 0.810268 0.746270 0.771129 0.826647 0.815928 0.753795 0.771574 0.773439 0.835621 0.789359 0.832724 0.796333 0.800085 0.791472 0.830752 0.832604 0.837974 0.813815 0.815228 0.751782 0.792369 0.685190 0.781064 0.760586 0.829657 0.836596 0.810713 0.827460 0.821687 0.816401 0.820005 0.809222 0.837988 0.788822 0.815348 0.808162 0.728944 0.789359 0.823948 0.819998 
0.865073 0.902170 0.890115 0.885070 0.880802 0.877537 0.871050 0.785317 0.000000 0.905738 0.813624 0.870450 0.856982 0.902156 0.909978 0.887260 0.863249 0.893584 0.880590 0.702107 0.832597 0.715250 0.886080 0.908579 0.745373 0.837607 0.907455 0.866677 0.800552 0.802714 0.879834 0.856650 0.855357 0.683247 0.884144 0.881544 0.825029 0.853767 0.868712 0.820238 0.793104 0.906105 0.838695 0.877530 0.818684 0.846022 0.871474 0.844107 0.836999 0.839090 0.837734 0.628435 0.854608 0.811794 0.913023 0.830420 0.847485 0.845210 0.913023 0.897011 0.857363 0.850396 0.864903 0.829353 0.678464 0.882342 0.849817 0.867305 0.899569 0.758742 0.821093 0.738822 0.907611 0.889832 0.908833 0.857865 0.866359 0.843274 0.884377 0.902756 0.826414 0.895987 0.819058 0.842447 0.880957 0.896079 0.881212 0.879198 0.889564 0.859512 0.912861 0.763405 0.885303 0.827544 0.849075 0.872428 0.847195 0.896630 0.848234 0.819312 0.873693 0.907208 0.900580 0.910628 0.911207 0.749386 0.882498 0.876929 0.810918 0.889034 0.844001 0.908268 0.885373 0.849160 0.788306 0.801675 0.909603 0.856841 0.813497 0.830717 0.874089 0.788172 0.825241 0.891457 0.888398 0.793677 0.806198 0.828979 0.910168 0.867850 0.909193 0.849428 0.863624 0.856452 0.907264 0.899152 0.915037 0.875177 0.879643 0.804890 0.867355 0.714218 0.813469 0.797881 0.904657 0.913193 0.875467 0.901626 0.892984 0.886073 0.888108 0.882088 0.911589 0.863921 0.882067 0.874852 0.785671 0.854480 0.892616 0.891634 
0.933515 0.972322 0.961327 0.954812 0.945824 0.946107 0.939776 0.828873 0.905738 0.000000 0.879184 0.935020 0.926512 0.970061 0.981671 0.957794 0.898227 0.965758 0.948439 0.759964 0.889634 0.770069 0.955851 0.979367 0.800785 0.897386 0.973325 0.934342 0.852982 0.866578 0.949520 0.914041 0.896962 0.725432 0.944686 0.953293 0.897230 0.905137 0.934893 0.893641 0.852841 0.976894 0.899718 0.928646 0.890687 0.899258 0.936101 0.899562 0.895365 0.890178 0.902276 0.667426 0.922273 0.876067 0.983939 0.891387 0.915291 0.909992 0.975332 0.968591 0.922329 0.914867 0.899075 0.900735 0.729424 0.953639 0.874068 0.927057 0.969142 0.821899 0.885875 0.728181 0.970061 0.960790 0.979621 0.924075 0.935239 0.910600 0.955067 0.973389 0.896651 0.963369 0.887175 0.903427 0.952099 0.955038 0.944058 0.942708 0.959335 0.927784 0.983140 0.813857 0.953660 0.896269 0.894128 0.939415 0.915157 0.965327 0.911702 0.890412 0.943704 0.978039 0.955582 0.982066 0.981628 0.786625 0.952537 0.941175 0.861794 0.952572 0.906438 0.976329 0.957773 0.908345 0.854035 0.866896 0.977254 0.901555 0.873163 0.900926 0.940510 0.852728 0.893033 0.962373 0.958352 0.859066 0.873835 0.886864 0.980717 0.927502 0.973015 0.906508 0.932759 0.924640 0.977671 0.970322 0.985981 0.937161 0.949809 0.866210 0.934610 0.760091 0.856374 0.868245 0.975163 0.984179 0.942015 0.963892 0.961723 0.955166 0.956522 0.952664 0.982589 0.932081 0.950382 0.947534 0.839755 0.913256 0.964521 0.960981 
0.844736 0.873905 0.870881 0.858939 0.849358 0.858953 0.865270 0.755611 0.813624 0.879184 0.000000 0.837649 0.830116 0.871517 0.882816 0.868182 0.813674 0.868669 0.861271 0.697712 0.800347 0.704990 0.858607 0.883141 0.727199 0.811674 0.875474 0.840659 0.767313 0.791225 0.863695 0.817701 0.811377 0.638632 0.849068 0.867934 0.811038 0.829813 0.844220 0.807759 0.788780 0.878265 0.868019 0.837875 0.808706 0.801901 0.850615 0.813214 0.799746 0.808084 0.809611 0.631205 0.834356 0.817320 0.885479 0.800757 0.849478 0.819814 0.877368 0.871234 0.827841 0.844517 0.809872 0.807166 0.680188 0.861313 0.790207 0.834321 0.873835 0.730619 0.794948 0.657166 0.873509 0.863730 0.882208 0.828894 0.849372 0.837932 0.860805 0.884526 0.796454 0.865744 0.795811 0.822718 0.854078 0.861667 0.847534 0.849365 0.862006 0.842864 0.884610 0.750587 0.876498 0.831191 0.804629 0.842624 0.819849 0.874456 0.825156 0.812882 0.848934 0.883989 0.860133 0.883112 0.884215 0.693423 0.856791 0.845938 0.787614 0.856727 0.822379 0.877686 0.863525 0.815977 0.761130 0.813349 0.879728 0.823206 0.784088 0.818040 0.841655 0.759427 0.862451 0.863193 0.860303 0.761003 0.777961 0.792461 0.883529 0.830286 0.876845 0.829106 0.847019 0.831607 0.880809 0.871270 0.890574 0.856636 0.874131 0.777799 0.864627 0.704326 0.770888 0.775820 0.877297 0.885366 0.861645 0.869588 0.863589 0.878936 0.857865 0.864832 0.883875 0.837522 0.859031 0.848100 0.795111 0.855908 0.867857 0.874407 
0.895202 0.936030 0.919976 0.916415 0.910522 0.906650 0.899682 0.808480 0.870450 0.935020 0.837649 0.000000 0.893429 0.927961 0.939429 0.917461 0.865765 0.924590 0.907766 0.721765 0.864408 0.728520 0.917284 0.937394 0.784985 0.871722 0.931678 0.893316 0.830569 0.840391 0.908776 0.888362 0.867101 0.721461 0.911250 0.909822 0.862592 0.869863 0.893443 0.855017 0.821143 0.935614 0.857858 0.890320 0.848587 0.878442 0.899569 0.867101 0.869814 0.859540 0.868471 0.642879 0.884624 0.835918 0.942842 0.872096 0.877459 0.874845 0.934646 0.927057 0.889868 0.877799 0.867701 0.863214 0.711363 0.913278 0.849845 0.894114 0.928328 0.797817 0.852891 0.712141 0.930265 0.920626 0.937521 0.888603 0.893252 0.874887 0.914337 0.931445 0.877191 0.929480 0.849640 0.868902 0.912557 0.915298 0.904403 0.908593 0.917772 0.887578 0.942355 0.784236 0.913299 0.855498 0.858529 0.903081 0.880971 0.923566 0.869870 0.847775 0.901859 0.936122 0.920308 0.940235 0.943132 0.782017 0.911002 0.900686 0.829982 0.913398 0.868591 0.935091 0.915616 0.877028 0.825333 0.836017 0.936610 0.866111 0.871990 0.862486 0.905462 0.829466 0.854537 0.931084 0.917058 0.850969 0.866571 0.888080 0.939521 0.895422 0.934137 0.870075 0.895139 0.883939 0.935854 0.934893 0.944065 0.895160 0.910974 0.826908 0.893938 0.728986 0.850905 0.835897 0.933487 0.943294 0.901866 0.926809 0.929092 0.913984 0.929911 0.909589 0.941902 0.890730 0.911151 0.912514 0.805018 0.874223 0.923396 0.921580 
0.886299 0.921601 0.911737 0.903738 0.897563 0.895273 0.892023 0.793373 0.856982 0.926512 0.830116 0.893429 0.000000 0.918266 0.930724 0.907837 0.856876 0.914175 0.901703 0.730894 0.848750 0.746680 0.907066 0.927954 0.774358 0.856120 0.921743 0.899845 0.822386 0.840574 0.902035 0.875742 0.856784 0.728866 0.899887 0.904593 0.872089 0.862062 0.885600 0.860006 0.813115 0.925820 0.852926 0.880229 0.843754 0.856311 0.887613 0.860557 0.856049 0.854071 0.856134 0.649379 0.875820 0.834985 0.932102 0.850417 0.866790 0.877134 0.924004 0.918549 0.887790 0.866578 0.855986 0.867115 0.729128 0.905802 0.829297 0.879728 0.919835 0.787741 0.845810 0.705824 0.918747 0.914295 0.927615 0.894962 0.887288 0.861787 0.903894 0.922160 0.862762 0.917129 0.835734 0.857879 0.906621 0.909504 0.902198 0.900029 0.913815 0.879085 0.931755 0.782413 0.905258 0.850552 0.849937 0.900608 0.882681 0.916910 0.865560 0.850926 0.894990 0.926032 0.904636 0.932603 0.930865 0.750333 0.900587 0.899555 0.818705 0.902940 0.868874 0.924661 0.905738 0.876491 0.816472 0.835564 0.925615 0.856727 0.843782 0.864507 0.897647 0.825326 0.845888 0.917630 0.908268 0.825333 0.841231 0.855632 0.929459 0.879353 0.921813 0.862727 0.883974 0.873919 0.925990 0.920450 0.933904 0.893775 0.898467 0.823602 0.883946 0.727686 0.822598 0.836137 0.925290 0.932384 0.894192 0.916365 0.915214 0.904191 0.907512 0.902014 0.930780 0.880314 0.901753 0.902579 0.801202 0.869291 0.913673 0.909554 
0.930356 0.965729 0.956727 0.949661 0.942637 0.941606 0.933974 0.825601 0.902156 0.970061 0.871517 0.927961 0.918266 0.000000 0.974159 0.952770 0.893189 0.963701 0.941973 0.758713 0.890574 0.766769 0.949414 0.972322 0.803421 0.904021 0.972386 0.926717 0.846305 0.860649 0.944595 0.915786 0.891048 0.716536 0.943252 0.947661 0.889762 0.903901 0.928865 0.886652 0.854488 0.969821 0.893153 0.925078 0.886652 0.891521 0.934978 0.895287 0.887260 0.887755 0.897096 0.673397 0.926406 0.868825 0.977685 0.886815 0.908840 0.902396 0.968570 0.964726 0.915836 0.906791 0.893782 0.890779 0.721546 0.950523 0.871743 0.921015 0.962380 0.814755 0.881233 0.722054 0.964203 0.953759 0.972817 0.916563 0.926993 0.903583 0.948205 0.966076 0.892871 0.958543 0.880074 0.900834 0.944093 0.950141 0.950000 0.936695 0.951866 0.924470 0.977113 0.820507 0.946531 0.893266 0.896976 0.932554 0.907307 0.958027 0.903795 0.886674 0.937507 0.971050 0.950205 0.974527 0.974668 0.788879 0.946128 0.936292 0.856982 0.953512 0.899732 0.975883 0.957257 0.903604 0.848404 0.859342 0.972301 0.896093 0.869312 0.899746 0.933296 0.845754 0.886780 0.955582 0.950728 0.853209 0.868160 0.880215 0.974350 0.920725 0.967001 0.902869 0.928357 0.917623 0.970725 0.963207 0.979035 0.930865 0.943867 0.862571 0.927806 0.759392 0.851887 0.868464 0.968683 0.977219 0.936087 0.958147 0.955766 0.948502 0.950269 0.945987 0.976237 0.925191 0.944538 0.940998 0.833854 0.907314 0.960331 0.954388 
0.937373 0.976887 0.965115 0.959363 0.950120 0.950361 0.944467 0.833494 0.909978 0.981671 0.882816 0.939429 0.930724 0.974159 0.000000 0.962189 0.902495 0.969503 0.952692 0.762239 0.893945 0.773065 0.960416 0.983734 0.804671 0.901852 0.977975 0.938977 0.857038 0.871411 0.954070 0.919439 0.901286 0.727637 0.948884 0.956685 0.900848 0.909306 0.938850 0.895747 0.857462 0.981501 0.903929 0.933381 0.892425 0.903696 0.940510 0.903887 0.899859 0.894489 0.906515 0.670776 0.926625 0.880406 0.988503 0.895400 0.919785 0.914655 0.979784 0.972916 0.927304 0.918754 0.903117 0.903972 0.734074 0.957469 0.878647 0.932045 0.973255 0.823835 0.890242 0.731982 0.974611 0.965666 0.984214 0.928752 0.938447 0.915136 0.959617 0.977812 0.900763 0.968075 0.891104 0.907921 0.956819 0.959603 0.948537 0.947343 0.963772 0.931798 0.987790 0.818040 0.958239 0.899958 0.898509 0.943725 0.920612 0.969609 0.916224 0.892630 0.948057 0.982589 0.960020 0.986574 0.986249 0.790892 0.957130 0.945188 0.866373 0.957151 0.910734 0.980865 0.961278 0.913051 0.857809 0.870782 0.981791 0.905964 0.878307 0.903866 0.944694 0.856473 0.897315 0.967065 0.962535 0.862331 0.878300 0.891330 0.985352 0.931755 0.977607 0.910988 0.936730 0.928978 0.982264 0.974901 0.990616 0.941867 0.954332 0.871213 0.938977 0.764246 0.861617 0.872019 0.979473 0.988786 0.946453 0.968457 0.966316 0.959815 0.960861 0.956141 0.987168 0.936730 0.954706 0.951279 0.844065 0.917538 0.968224 0.965461 
0.917878 0.953448 0.942341 0.936702 0.929113 0.930229 0.926428 0.812303 0.887260 0.957794 0.868182 0.917461 0.907837 0.952770 0.962189 0.000000 0.879749 0.947760 0.931332 0.768323 0.872810 0.776986 0.937260 0.961242 0.785529 0.882893 0.954226 0.916938 0.832130 0.851011 0.937839 0.896312 0.881141 0.710713 0.927042 0.935140 0.879459 0.895761 0.914733 0.873396 0.846997 0.957893 0.887656 0.909716 0.873001 0.883423 0.920167 0.883247 0.879007 0.876774 0.883119 0.679092 0.911977 0.875297 0.965136 0.875764 0.909660 0.892616 0.956134 0.950297 0.904940 0.899598 0.881798 0.884165 0.721023 0.934709 0.855830 0.908522 0.949930 0.802545 0.868189 0.710918 0.950933 0.941832 0.960875 0.906148 0.917722 0.912020 0.938030 0.954699 0.881070 0.944538 0.871043 0.901343 0.933352 0.935783 0.927276 0.924414 0.940207 0.918125 0.964154 0.802855 0.945329 0.891924 0.875113 0.920259 0.899181 0.947089 0.901760 0.875212 0.925495 0.959066 0.937020 0.963023 0.962500 0.773531 0.933663 0.923205 0.844235 0.933416 0.893726 0.957384 0.940214 0.891366 0.838172 0.853816 0.958677 0.889366 0.854318 0.884186 0.922442 0.837458 0.889705 0.943584 0.939366 0.844178 0.859738 0.867821 0.962408 0.910055 0.953943 0.894814 0.920824 0.905837 0.958868 0.950968 0.967093 0.917906 0.938214 0.847195 0.919637 0.757724 0.837133 0.852509 0.956459 0.965249 0.923326 0.944665 0.942468 0.942694 0.938751 0.935783 0.963871 0.913659 0.933600 0.930017 0.832780 0.895316 0.945407 0.946333 
0.874463 0.894771 0.884610 0.876668 0.878011 0.874492 0.864783 0.782385 0.863249 0.898227 0.813674 0.865765 0.856876 0.893189 0.902495 0.879749 0.000000 0.888801 0.880696 0.705449 0.827714 0.716712 0.877537 0.900714 0.742440 0.843210 0.896057 0.873312 0.791444 0.823312 0.884575 0.853293 0.864154 0.706474 0.890101 0.875008 0.819510 0.868542 0.864606 0.820245 0.801478 0.897944 0.830986 0.866288 0.820273 0.830258 0.878378 0.854601 0.824457 0.850559 0.832215 0.621815 0.850997 0.807293 0.905300 0.830540 0.839253 0.847464 0.903477 0.891719 0.863066 0.852156 0.862055 0.829827 0.715327 0.876244 0.839352 0.863030 0.898093 0.759159 0.823743 0.755746 0.897343 0.883805 0.901421 0.863977 0.868160 0.835734 0.878689 0.894411 0.824273 0.888490 0.810996 0.832491 0.872824 0.904085 0.887409 0.879403 0.886999 0.855406 0.905816 0.752276 0.877749 0.828880 0.849958 0.867517 0.845605 0.895775 0.840906 0.829014 0.868245 0.899244 0.887020 0.902961 0.903964 0.727078 0.874251 0.873898 0.804170 0.884971 0.854014 0.898693 0.877523 0.854297 0.783367 0.812861 0.900877 0.876124 0.821828 0.843712 0.873545 0.785833 0.827551 0.883028 0.880463 0.791041 0.805583 0.822075 0.905583 0.853936 0.902784 0.854396 0.860239 0.846581 0.900036 0.891189 0.907229 0.866549 0.872414 0.797464 0.869044 0.700630 0.811427 0.803089 0.901329 0.905144 0.872874 0.902537 0.885557 0.879381 0.886589 0.878873 0.903654 0.853880 0.883515 0.868146 0.778244 0.851491 0.885585 0.886751 
0.929374 0.961596 0.960705 0.945669 0.945174 0.940284 0.930321 0.824110 0.893584 0.965758 0.868669 0.924590 0.914175 0.963701 0.969503 0.947760 0.888801 0.000000 0.938249 0.766564 0.886384 0.771425 0.943711 0.967369 0.796545 0.891210 0.961115 0.921891 0.841196 0.858734 0.938497 0.906522 0.886038 0.714013 0.937550 0.946269 0.891083 0.898552 0.930752 0.892934 0.842228 0.964613 0.887931 0.916775 0.895987 0.886370 0.928993 0.891521 0.883550 0.884144 0.891832 0.666239 0.918768 0.862953 0.974583 0.888122 0.903025 0.897796 0.963037 0.965214 0.911815 0.902233 0.888249 0.887507 0.718712 0.956989 0.863553 0.915256 0.958374 0.817631 0.877113 0.717257 0.958048 0.951760 0.968146 0.912387 0.923029 0.897951 0.942984 0.961193 0.894630 0.957759 0.874711 0.892291 0.940454 0.944072 0.935720 0.932476 0.946686 0.922993 0.972287 0.803654 0.941365 0.891691 0.883558 0.929268 0.902212 0.952735 0.898163 0.889055 0.932964 0.965885 0.943627 0.969305 0.969503 0.777566 0.940468 0.932851 0.850502 0.941478 0.894863 0.966153 0.966719 0.897972 0.853527 0.856155 0.966415 0.890843 0.877459 0.908600 0.932921 0.846595 0.881671 0.955010 0.946750 0.848269 0.873948 0.875205 0.969566 0.915800 0.961045 0.897026 0.923262 0.913362 0.965475 0.960006 0.973771 0.924781 0.938631 0.862197 0.924633 0.750679 0.846496 0.880116 0.964323 0.971969 0.931784 0.952855 0.950092 0.943224 0.949230 0.944114 0.975156 0.920096 0.942425 0.939224 0.827573 0.902530 0.962755 0.949506 
0.917652 0.944460 0.937564 0.926682 0.920860 0.918344 0.913172 0.814225 0.880590 0.948439 0.861271 0.907766 0.901703 0.941973 0.952692 0.931332 0.880696 0.938249 0.000000 0.745048 0.868372 0.753979 0.927664 0.951081 0.783099 0.878102 0.944814 0.918563 0.830039 0.851944 0.929332 0.890701 0.877678 0.712254 0.922577 0.931720 0.872789 0.889656 0.908063 0.867108 0.839493 0.948269 0.878413 0.903654 0.863094 0.870987 0.913963 0.882752 0.868761 0.876039 0.874767 0.666006 0.900403 0.853209 0.955441 0.869574 0.896672 0.889550 0.947131 0.940447 0.907526 0.889253 0.878265 0.874739 0.727029 0.926074 0.851802 0.899873 0.944997 0.801244 0.863681 0.716444 0.942411 0.933112 0.951307 0.908593 0.912168 0.885381 0.929000 0.946149 0.871404 0.937995 0.860699 0.878307 0.922612 0.931035 0.926724 0.919736 0.933042 0.905448 0.955321 0.800948 0.931692 0.876675 0.873220 0.918930 0.892637 0.939783 0.887048 0.869574 0.916775 0.950996 0.928187 0.953046 0.953187 0.759583 0.924181 0.919757 0.846538 0.926237 0.892482 0.948142 0.929939 0.886617 0.828520 0.850905 0.948912 0.883020 0.851817 0.882363 0.920860 0.831381 0.877580 0.933409 0.930943 0.834667 0.848375 0.861222 0.954042 0.898651 0.945746 0.888101 0.909617 0.896566 0.949710 0.941500 0.957497 0.917948 0.925057 0.838560 0.914210 0.747478 0.833600 0.842009 0.948940 0.955625 0.923495 0.939747 0.936193 0.929749 0.930498 0.925156 0.954007 0.904120 0.934405 0.917482 0.819072 0.899852 0.935783 0.938136 
0.744991 0.752326 0.762020 0.736667 0.745853 0.748142 0.751209 0.675029 0.702107 0.759964 0.697712 0.721765 0.730894 0.758713 0.762239 0.768323 0.705449 0.766564 0.745048 0.000000 0.704912 0.829254 0.737805 0.761646 0.698878 0.717370 0.751746 0.745563 0.661081 0.681700 0.751527 0.713490 0.701202 0.588646 0.739713 0.752206 0.724040 0.731113 0.740886 0.734766 0.709456 0.755258 0.723249 0.723856 0.722938 0.711074 0.737162 0.713017 0.694419 0.708791 0.692610 0.726103 0.748983 0.741755 0.765016 0.691614 0.739388 0.722584 0.757102 0.764168 0.723065 0.705075 0.703894 0.720055 0.591974 0.761992 0.675383 0.718776 0.753343 0.645966 0.696631 0.603761 0.752255 0.750517 0.767143 0.728781 0.747888 0.731375 0.738349 0.761872 0.705626 0.752163 0.680831 0.753287 0.741006 0.745782 0.739536 0.734187 0.749754 0.752432 0.762663 0.733502 0.762211 0.757378 0.697295 0.730908 0.726987 0.756424 0.744178 0.766486 0.732427 0.758678 0.739218 0.762904 0.759300 0.618041 0.733332 0.734858 0.694228 0.738045 0.721461 0.758198 0.769546 0.715299 0.685537 0.677552 0.759915 0.703873 0.684950 0.751803 0.735847 0.691564 0.716126 0.746814 0.742878 0.669949 0.688363 0.673270 0.761483 0.718161 0.753781 0.729149 0.752983 0.712388 0.756685 0.749209 0.764416 0.740130 0.744638 0.691310 0.729509 0.698235 0.661477 0.728025 0.762162 0.762049 0.731714 0.747061 0.741020 0.754092 0.741034 0.748651 0.764925 0.711632 0.753986 0.747973 0.690123 0.706926 0.763646 0.747613 
0.858706 0.888539 0.882335 0.871524 0.877361 0.866818 0.861066 0.803979 0.832597 0.889634 0.800347 0.864408 0.848750 0.890574 0.893945 0.872810 0.827714 0.886384 0.868372 0.704912 0.000000 0.703004 0.871050 0.892178 0.789868 0.850488 0.894602 0.851760 0.815370 0.794426 0.866542 0.855286 0.823736 0.671807 0.874470 0.871672 0.821630 0.836858 0.854459 0.813999 0.791641 0.890186 0.816754 0.864889 0.815892 0.824873 0.863539 0.830533 0.818097 0.827014 0.829996 0.645500 0.863617 0.791578 0.899972 0.835091 0.832017 0.831607 0.889020 0.889769 0.848863 0.832031 0.825820 0.817051 0.673100 0.874704 0.826958 0.850410 0.884836 0.763992 0.812409 0.672577 0.890447 0.875453 0.892164 0.847231 0.849407 0.826181 0.868740 0.886115 0.831749 0.891938 0.805809 0.824746 0.867228 0.873912 0.870068 0.862684 0.873107 0.853187 0.898524 0.788850 0.868733 0.818479 0.840094 0.861780 0.836702 0.878972 0.824457 0.807463 0.859356 0.893747 0.879388 0.894764 0.896517 0.726852 0.865829 0.865673 0.837098 0.878074 0.826343 0.897449 0.885013 0.833635 0.788158 0.796609 0.893952 0.826039 0.828512 0.829382 0.863087 0.790822 0.812077 0.886094 0.872690 0.798785 0.810557 0.836349 0.895252 0.846884 0.890588 0.834413 0.853724 0.846835 0.890723 0.884646 0.898693 0.854495 0.869008 0.797337 0.850940 0.715271 0.813787 0.805943 0.889415 0.897358 0.865270 0.886186 0.883197 0.869206 0.877050 0.866069 0.898283 0.849513 0.872054 0.863638 0.766373 0.840101 0.884766 0.877933 
0.753767 0.762077 0.769341 0.747083 0.756523 0.756933 0.762699 0.676344 0.715250 0.770069 0.704990 0.728520 0.746680 0.766769 0.773065 0.776986 0.716712 0.771425 0.753979 0.829254 0.703004 0.000000 0.749732 0.772499 0.684858 0.720182 0.762020 0.758042 0.671242 0.696948 0.757759 0.722210 0.716663 0.613900 0.750255 0.758607 0.735643 0.731989 0.747401 0.741041 0.705329 0.765659 0.737649 0.735303 0.726725 0.719214 0.746616 0.724365 0.711604 0.726895 0.701386 0.727870 0.747372 0.759335 0.774768 0.699188 0.739713 0.734667 0.768620 0.772436 0.730272 0.714331 0.720302 0.730583 0.621058 0.768408 0.687282 0.729827 0.763278 0.655435 0.706099 0.625991 0.762091 0.761229 0.774040 0.738660 0.748015 0.735840 0.747125 0.769744 0.709357 0.760685 0.690511 0.763561 0.753725 0.755915 0.750178 0.745450 0.765186 0.754198 0.772923 0.718790 0.767482 0.756177 0.709448 0.746030 0.744468 0.767376 0.773460 0.768761 0.741613 0.766861 0.751061 0.773828 0.769758 0.621094 0.743295 0.748538 0.690794 0.749747 0.731057 0.767497 0.773376 0.732950 0.689268 0.686851 0.770570 0.718034 0.695450 0.756240 0.750022 0.697076 0.715024 0.756424 0.754424 0.670048 0.690497 0.682315 0.772294 0.730145 0.764776 0.733742 0.760007 0.719214 0.767143 0.758848 0.774591 0.762882 0.748383 0.696567 0.738893 0.692878 0.675001 0.734512 0.772535 0.772153 0.749789 0.759215 0.750785 0.764861 0.749810 0.755717 0.774040 0.721821 0.757717 0.755520 0.694263 0.727135 0.770217 0.757661 
0.912062 0.954063 0.939422 0.936695 0.925799 0.925361 0.919411 0.813709 0.886080 0.955851 0.858607 0.917284 0.907066 0.949414 0.960416 0.937260 0.877537 0.943711 0.927664 0.737805 0.871050 0.749732 0.000000 0.958282 0.786384 0.878859 0.953710 0.913624 0.835162 0.847004 0.929000 0.894877 0.877332 0.716020 0.924944 0.930681 0.876809 0.884815 0.912847 0.870224 0.833664 0.956515 0.879509 0.909766 0.867708 0.885352 0.916599 0.879198 0.882462 0.869616 0.884186 0.651513 0.902473 0.857469 0.963080 0.876152 0.895351 0.889585 0.954416 0.947223 0.903265 0.894545 0.879516 0.879636 0.716239 0.931621 0.856784 0.907158 0.948326 0.802961 0.867800 0.710939 0.950149 0.940454 0.958593 0.903413 0.912854 0.890927 0.934914 0.952487 0.880314 0.943457 0.871785 0.884010 0.932455 0.934207 0.924470 0.923078 0.938320 0.906883 0.962507 0.795132 0.932872 0.874534 0.876929 0.922372 0.896474 0.944312 0.892312 0.866231 0.923114 0.957080 0.935585 0.961080 0.960854 0.783035 0.932610 0.920782 0.843634 0.933268 0.886723 0.956430 0.935246 0.889225 0.837882 0.847534 0.956791 0.881473 0.855611 0.877806 0.922548 0.839896 0.873559 0.943280 0.938327 0.847266 0.858473 0.873637 0.959985 0.910769 0.952452 0.886299 0.912310 0.904841 0.956798 0.950495 0.965108 0.916471 0.929374 0.846793 0.913991 0.743769 0.839769 0.848644 0.954007 0.963843 0.921439 0.943061 0.944397 0.934660 0.937868 0.930236 0.961928 0.913087 0.929805 0.925587 0.821637 0.892963 0.942743 0.941069 
0.935974 0.974908 0.962769 0.957582 0.948396 0.949498 0.943365 0.832053 0.908579 0.979367 0.883141 0.937394 0.927954 0.972322 0.983734 0.961242 0.900714 0.967369 0.951081 0.761646 0.892178 0.772499 0.958282 0.000000 0.802566 0.900170 0.976067 0.937126 0.853802 0.869418 0.952290 0.916373 0.899647 0.724174 0.947145 0.954466 0.896354 0.907766 0.936348 0.891380 0.856092 0.979551 0.903307 0.931162 0.889585 0.901251 0.938772 0.902389 0.897838 0.892920 0.904381 0.673079 0.925142 0.881325 0.986624 0.893577 0.919828 0.911970 0.978003 0.970937 0.925467 0.917793 0.901633 0.900806 0.730866 0.955081 0.877233 0.929657 0.971601 0.820245 0.887825 0.730498 0.972746 0.962811 0.982674 0.926223 0.936638 0.915956 0.957992 0.975961 0.897584 0.966167 0.890171 0.908769 0.953597 0.957667 0.946884 0.945294 0.961907 0.931543 0.985868 0.816712 0.956727 0.901230 0.896488 0.941803 0.917546 0.968492 0.916450 0.890058 0.946700 0.980794 0.958253 0.984257 0.984356 0.788547 0.955533 0.943605 0.864790 0.955201 0.909787 0.979042 0.959087 0.910479 0.854911 0.868719 0.979968 0.904565 0.875212 0.901124 0.942305 0.853307 0.897132 0.964705 0.960331 0.858798 0.875149 0.888928 0.983515 0.929720 0.975770 0.909561 0.935953 0.927283 0.980399 0.972824 0.988765 0.939931 0.952876 0.867426 0.939373 0.766140 0.858876 0.868429 0.977480 0.986836 0.944729 0.966591 0.964394 0.959433 0.958882 0.955250 0.985274 0.934794 0.953010 0.948297 0.844093 0.915984 0.966175 0.964175 
0.777615 0.801598 0.797019 0.786688 0.795902 0.786844 0.783918 0.784745 0.745373 0.800785 0.727199 0.784985 0.774358 0.803421 0.804671 0.785529 0.742440 0.796545 0.783099 0.698878 0.789868 0.684858 0.786384 0.802566 0.000000 0.781410 0.812494 0.774937 0.773694 0.724104 0.782710 0.778534 0.739296 0.633071 0.786837 0.785240 0.756057 0.760007 0.774951 0.753357 0.750715 0.799909 0.754219 0.783586 0.740412 0.748771 0.788398 0.753414 0.739310 0.740808 0.753654 0.672055 0.790624 0.737536 0.809017 0.767426 0.767786 0.759038 0.800538 0.799958 0.772139 0.745048 0.744136 0.748100 0.629460 0.788737 0.742263 0.768090 0.794984 0.723305 0.732647 0.629432 0.802149 0.790956 0.801944 0.773842 0.771821 0.746051 0.781643 0.799768 0.780223 0.803301 0.719871 0.772853 0.782350 0.785671 0.786928 0.776845 0.786688 0.764988 0.808035 0.810854 0.796941 0.754304 0.766267 0.775771 0.762762 0.792101 0.756707 0.751301 0.770394 0.806721 0.786285 0.806834 0.806466 0.668161 0.775538 0.770945 0.783381 0.799400 0.749139 0.811285 0.793691 0.757124 0.719871 0.724944 0.804735 0.739282 0.764705 0.763087 0.779580 0.711441 0.745302 0.804396 0.787586 0.749803 0.760091 0.756417 0.804735 0.759957 0.801061 0.758834 0.784943 0.758537 0.800743 0.803894 0.808134 0.783918 0.790066 0.728414 0.761992 0.696546 0.744793 0.757653 0.799676 0.807491 0.781876 0.795683 0.802799 0.787070 0.794956 0.777714 0.808501 0.758077 0.788660 0.787960 0.718592 0.760169 0.797217 0.788942 
0.878272 0.896065 0.887727 0.879177 0.881353 0.874456 0.870443 0.789076 0.837607 0.897386 0.811674 0.871722 0.856120 0.904021 0.901852 0.882893 0.843210 0.891210 0.878102 0.717370 0.850488 0.720182 0.878859 0.900170 0.781410 0.000000 0.902424 0.866648 0.788780 0.814571 0.884497 0.878611 0.836589 0.690313 0.886448 0.876103 0.825524 0.855646 0.860303 0.823305 0.844489 0.897570 0.828788 0.865405 0.820337 0.831848 0.885253 0.854466 0.824068 0.845238 0.832010 0.663992 0.885303 0.809533 0.906706 0.833699 0.845040 0.849478 0.897153 0.896616 0.861843 0.839656 0.834123 0.828237 0.706898 0.880123 0.825340 0.867899 0.893789 0.756721 0.824626 0.688229 0.895796 0.882752 0.900198 0.859377 0.864733 0.840631 0.878950 0.895930 0.832392 0.891592 0.813773 0.836610 0.873354 0.886652 0.892475 0.874760 0.883331 0.860444 0.907123 0.799683 0.881487 0.835586 0.850262 0.866210 0.847506 0.888207 0.838751 0.829360 0.866896 0.899732 0.883197 0.903081 0.905272 0.740158 0.874301 0.867093 0.814112 0.892115 0.848241 0.908706 0.887818 0.846503 0.790412 0.807752 0.901816 0.845181 0.846552 0.846022 0.870909 0.792807 0.837070 0.887557 0.880130 0.798651 0.812557 0.826534 0.905024 0.851880 0.899018 0.845867 0.873403 0.850149 0.898884 0.891380 0.906826 0.860974 0.879007 0.806459 0.864048 0.722047 0.829071 0.810713 0.899612 0.904940 0.872570 0.895195 0.886271 0.881791 0.885494 0.875121 0.905159 0.853477 0.882363 0.871107 0.782844 0.842864 0.890963 0.887621 
